rhopaw50v
   No    Ex(MeV)    Rho(1/MeV)    dRho(1/MeV)
   1      0.222      0.418E+01      0.187E+00
   2      0.478      0.927E+01      0.224E+00
   3      0.733      0.120E+02      0.294E+00
   4      0.988      0.117E+02      0.498E+00
   5      1.244      0.141E+02      0.715E+00
   6      1.499      0.157E+02      0.730E+00
   7      1.755      0.227E+02      0.104E+01
   8      2.010      0.341E+02      0.129E+01
   9      2.265      0.409E+02      0.195E+01
  10      2.521      0.418E+02      0.301E+01
  11      2.776      0.574E+02      0.328E+01
  12      3.032      0.818E+02      0.493E+01
  13      3.287      0.109E+03      0.625E+01
  14      3.542      0.115E+03      0.794E+01
  15      3.798      0.139E+03      0.106E+02
  16      4.053      0.191E+03      0.135E+02
  17      4.309      0.230E+03      0.201E+02
  18      4.564      0.277E+03      0.252E+02
  19      4.819      0.311E+03      0.318E+02
  20      5.075      0.288E+03      0.410E+02
  21      5.330      0.350E+03      0.550E+02
  22      5.586      0.403E+03      0.837E+02
  23      5.841      0.521E+03      0.115E+03
  24      6.096      0.783E+03      0.144E+03
  25      6.352      0.831E+03      0.208E+03
  26      6.607      0.671E+03      0.278E+03
  27      6.863      0.654E+03      0.335E+03
  28      7.118      0.117E+04      0.540E+03
  29      7.373      0.155E+04      0.830E+03
  30      7.629      0.203E+04      0.185E+04