rhopaw51v
   No    Ex(MeV)    Rho(1/MeV)    dRho(1/MeV)
   1      0.151      0.442E+01      0.194E+00
   2      0.406      0.697E+01      0.191E+00
   3      0.661      0.718E+01      0.288E+00
   4      0.917      0.477E+01      0.225E+00
   5      1.172      0.215E+01      0.237E+00
   6      1.428      0.157E+01      0.296E+00
   7      1.683      0.471E+01      0.305E+00
   8      1.938      0.116E+02      0.390E+00
   9      2.194      0.802E+01      0.488E+00
  10      2.449      0.472E+01      0.449E+00
  11      2.705      0.419E+01      0.581E+00
  12      2.960      0.112E+02      0.853E+00
  13      3.215      0.127E+02      0.119E+01
  14      3.471      0.230E+02      0.189E+01
  15      3.726      0.632E+02      0.304E+01
  16      3.982      0.956E+02      0.478E+01
  17      4.237      0.113E+03      0.512E+01
  18      4.492      0.901E+02      0.648E+01
  19      4.748      0.831E+02      0.803E+01
  20      5.003      0.948E+02      0.103E+02
  21      5.259      0.878E+02      0.129E+02
  22      5.514      0.130E+03      0.180E+02
  23      5.769      0.146E+03      0.257E+02
  24      6.025      0.123E+03      0.296E+02
  25      6.280      0.302E+03      0.393E+02
  26      6.536      0.292E+03      0.477E+02
  27      6.791      0.215E+03      0.573E+02
  28      7.046      0.333E+03      0.678E+02
  29      7.302      0.721E+03      0.116E+03
  30      7.557      0.902E+03      0.188E+03
  31      7.813      0.120E+04      0.259E+03
  32      8.068      0.104E+04      0.280E+03
  33      8.323      0.102E+04      0.458E+03
  34      8.579      0.197E+04      0.576E+03
  35      8.834      0.763E+03      0.614E+03
  36      9.090      0.460E+03      0.112E+04
  37      9.345      0.317E+03      0.196E+04