rhoSm148
   No    Ex(MeV)    Rho(1/MeV)    dRho(1/MeV)
   1      0.106      0.553E-01      0.109E-01
   2      0.221      0.536E+00      0.113E+00
   3      0.337      0.482E+00      0.138E+00
   4      0.452      0.109E+01      0.200E+00
   5      0.568      0.165E+01      0.275E+00
   6      0.683      0.107E+01      0.246E+00
   7      0.798      0.746E+00      0.243E+00
   8      0.914      0.161E+01      0.331E+00
   9      1.029      0.256E+01      0.444E+00
  10      1.145      0.417E+01      0.659E+00
  11      1.260      0.602E+01      0.918E+00
  12      1.375      0.800E+01      0.106E+01
  13      1.491      0.104E+02      0.127E+01
  14      1.606      0.151E+02      0.155E+01
  15      1.722      0.186E+02      0.189E+01
  16      1.837      0.220E+02      0.256E+01
  17      1.952      0.351E+02      0.333E+01
  18      2.068      0.512E+02      0.425E+01
  19      2.183      0.679E+02      0.523E+01
  20      2.299      0.820E+02      0.705E+01
  21      2.414      0.948E+02      0.722E+01
  22      2.529      0.123E+03      0.910E+01
  23      2.645      0.161E+03      0.101E+02
  24      2.760      0.242E+03      0.142E+02
  25      2.876      0.289E+03      0.202E+02
  26      2.991      0.369E+03      0.232E+02
  27      3.106      0.455E+03      0.297E+02
  28      3.222      0.609E+03      0.393E+02
  29      3.337      0.722E+03      0.469E+02
  30      3.453      0.894E+03      0.599E+02
  31      3.568      0.115E+04      0.779E+02
  32      3.683      0.145E+04      0.999E+02
  33      3.799      0.184E+04      0.129E+03
  34      3.914      0.235E+04      0.191E+03
  35      4.030      0.300E+04      0.250E+03
  36      4.145      0.364E+04      0.297E+03
  37      4.260      0.442E+04      0.373E+03
  38      4.376      0.575E+04      0.523E+03
  39      4.491      0.702E+04      0.623E+03
  40      4.607      0.864E+04      0.802E+03
  41      4.722      0.107E+05      0.913E+03
  42      4.837      0.128E+05      0.129E+04
  43      4.953      0.175E+05      0.149E+04
  44      5.068      0.186E+05      0.225E+04
  45      5.184      0.235E+05      0.298E+04
  46      5.299      0.295E+05      0.391E+04
  47      5.414      0.406E+05      0.543E+04
  48      5.530      0.425E+05      0.639E+04
  49      5.645      0.566E+05      0.816E+04
  50      5.761      0.856E+05      0.117E+05
  51      5.876      0.102E+06      0.148E+05
  52      5.991      0.856E+05      0.183E+05
  53      6.107      0.960E+05      0.196E+05
  54      6.222      0.173E+06      0.336E+05
  55      6.338      0.258E+06      0.522E+05
  56      6.453      0.278E+06      0.719E+05
  57      6.568      0.309E+06      0.999E+05
  58      6.684      0.371E+06      0.148E+06
  59      6.799      0.403E+06      0.178E+06