rho205pb
   No    Ex(MeV)    Rho(1/MeV)    dRho(1/MeV)
   1      0.175      0.254E+01      0.141E+00
   2      0.416      0.478E+01      0.153E+00
   3      0.656      0.668E+01      0.242E+00
   4      0.897      0.940E+01      0.454E+00
   5      1.138      0.136E+02      0.622E+00
   6      1.379      0.171E+02      0.107E+01
   7      1.620      0.232E+02      0.151E+01
   8      1.861      0.381E+02      0.260E+01
   9      2.102      0.437E+02      0.394E+01
  10      2.343      0.474E+02      0.462E+01
  11      2.584      0.664E+02      0.650E+01
  12      2.825      0.962E+02      0.131E+02
  13      3.066      0.135E+03      0.202E+02
  14      3.306      0.211E+03      0.350E+02
  15      3.547      0.225E+03      0.581E+02
  16      3.788      0.276E+03      0.781E+02
  17      4.029      0.248E+03      0.115E+03
  18      4.270      0.451E+03      0.187E+03
  19      4.511      0.965E+03      0.336E+03
  20      4.752      0.131E+04      0.655E+03
  21      4.993      0.238E+04      0.136E+04