rho207pb
   No    Ex(MeV)    Rho(1/MeV)    dRho(1/MeV)
   1      0.039      0.253E+00      0.302E-01
   2      0.260      0.893E+00      0.626E-01
   3      0.481      0.161E+01      0.647E-01
   4      0.702      0.200E+01      0.101E+00
   5      0.923      0.174E+01      0.147E+00
   6      1.144      0.182E+01      0.216E+00
   7      1.365      0.349E+01      0.322E+00
   8      1.586      0.356E+01      0.334E+00
   9      1.807      0.258E+01      0.424E+00
  10      2.028      0.214E+01      0.564E+00
  11      2.249      0.618E+01      0.811E+00
  12      2.470      0.970E+01      0.100E+01
  13      2.691      0.502E+01      0.166E+01
  14      2.912      0.132E+02      0.194E+01
  15      3.133      0.324E+02      0.384E+01
  16      3.354      0.584E+02      0.649E+01
  17      3.575      0.328E+02      0.738E+01
  18      3.796      0.552E+02      0.890E+01
  19      4.017      0.662E+02      0.116E+02
  20      4.238      0.777E+02      0.156E+02
  21      4.459      0.148E+03      0.266E+02
  22      4.680      0.352E+03      0.569E+02
  23      4.901      0.656E+03      0.120E+03
  24      5.122      0.339E+03      0.207E+03